<?xml version="1.0" encoding="UTF-8" standalone="no"?>
<!DOCTYPE svg PUBLIC "-//W3C//DTD SVG 20010904//EN"
              "http://www.w3.org/TR/2001/REC-SVG-20010904/DTD/svg10.dtd">

<svg xmlns="http://www.w3.org/2000/svg"
     width="5.75556in" height="1.33333in"
     viewBox="0 0 518 120">
  <path id="Selection"
        fill="none" stroke="black" stroke-width="1"
        d="M 299.00,39.00
           C 299.00,39.00 309.00,39.00 309.00,39.00
             309.00,39.00 309.00,52.00 309.00,52.00
             311.28,50.50 312.20,49.71 315.00,49.22
             325.89,47.32 329.95,52.88 330.00,63.00
             330.00,63.00 330.00,81.00 330.00,81.00
             330.00,81.00 320.00,81.00 320.00,81.00
             320.00,77.23 320.42,65.91 319.26,63.02
             318.28,60.56 316.01,58.02 313.10,59.17
             307.36,61.43 309.00,75.77 309.00,81.00
             309.00,81.00 299.00,81.00 299.00,81.00
             299.00,81.00 299.00,39.00 299.00,39.00 Z
           M 139.00,41.00
           C 139.00,41.00 163.00,41.00 163.00,41.00
             163.00,41.00 163.00,50.00 163.00,50.00
             163.00,50.00 149.00,50.00 149.00,50.00
             149.00,50.00 149.00,57.00 149.00,57.00
             149.00,57.00 162.00,57.00 162.00,57.00
             162.00,57.00 162.00,64.00 162.00,64.00
             162.00,64.00 149.00,64.00 149.00,64.00
             149.00,64.00 149.00,72.00 149.00,72.00
             149.00,72.00 163.00,72.00 163.00,72.00
             163.00,72.00 163.00,81.00 163.00,81.00
             163.00,81.00 139.00,81.00 139.00,81.00
             139.00,81.00 139.00,41.00 139.00,41.00 Z
           M 278.00,41.00
           C 278.00,41.00 288.00,41.00 288.00,41.00
             288.00,41.00 288.00,49.00 288.00,49.00
             288.00,49.00 294.00,49.00 294.00,49.00
             294.00,49.00 294.00,58.00 294.00,58.00
             294.00,58.00 288.00,58.00 288.00,58.00
             288.00,64.56 286.09,70.68 294.00,72.00
             294.00,72.00 294.00,81.00 294.00,81.00
             291.16,81.00 285.50,81.26 283.04,80.26
             275.93,77.37 278.00,64.39 278.00,58.00
             278.00,58.00 274.00,58.00 274.00,58.00
             274.00,58.00 274.00,49.00 274.00,49.00
             274.00,49.00 278.00,49.00 278.00,49.00
             278.00,49.00 278.00,41.00 278.00,41.00 Z
           M 166.00,49.00
           C 166.00,49.00 178.00,49.00 178.00,49.00
             178.00,49.00 184.00,69.00 184.00,69.00
             184.55,65.44 187.86,51.88 190.51,50.02
             192.54,48.60 198.41,49.00 201.00,49.00
             201.00,49.00 193.67,71.00 193.67,71.00
             193.67,71.00 189.49,79.98 189.49,79.98
             189.49,79.98 182.00,80.98 182.00,80.98
             182.00,80.98 176.27,78.69 176.27,78.69
             176.27,78.69 172.33,68.00 172.33,68.00
             172.33,68.00 166.00,49.00 166.00,49.00 Z
           M 233.00,69.13
           C 231.99,77.73 226.29,80.99 218.00,80.99
             214.62,80.99 211.99,80.82 209.02,78.99
             203.21,75.43 201.60,69.44 202.09,63.00
             202.93,52.19 210.20,48.73 220.00,49.02
             223.54,49.12 225.94,49.52 228.81,51.80
             234.01,55.92 233.98,61.01 234.00,67.00
             234.00,67.00 213.00,67.00 213.00,67.00
             216.82,74.40 218.84,70.32 224.17,69.13
             224.17,69.13 233.00,69.13 233.00,69.13 Z
           M 238.00,49.00
           C 242.04,49.00 246.25,47.79 248.00,52.00
             250.28,50.50 251.20,49.71 254.00,49.22
             265.54,47.21 268.98,53.86 269.00,64.00
             269.00,64.00 269.00,81.00 269.00,81.00
             269.00,81.00 259.00,81.00 259.00,81.00
             259.00,77.23 259.42,65.91 258.26,63.02
             257.28,60.56 255.01,58.02 252.10,59.17
             246.36,61.43 248.00,75.77 248.00,81.00
             248.00,81.00 238.00,81.00 238.00,81.00
             238.00,81.00 238.00,49.00 238.00,49.00 Z
           M 366.00,69.13
           C 364.99,77.73 359.29,80.99 351.00,80.99
             347.62,80.99 344.99,80.82 342.02,78.99
             336.21,75.43 334.60,69.44 335.09,63.00
             335.93,52.19 343.20,48.73 353.00,49.02
             356.54,49.12 358.94,49.52 361.81,51.80
             367.01,55.92 366.98,61.01 367.00,67.00
             367.00,67.00 346.00,67.00 346.00,67.00
             349.82,74.40 351.84,70.32 357.17,69.13
             357.17,69.13 366.00,69.13 366.00,69.13 Z
           M 387.00,73.00
           C 382.71,65.82 369.49,69.12 371.15,57.00
             372.55,46.74 387.80,48.16 391.82,50.45
             395.64,52.64 396.54,55.95 397.00,60.00
             397.00,60.00 381.00,57.00 381.00,57.00
             385.29,64.18 398.51,60.88 396.85,73.00
             395.82,80.50 389.10,81.15 383.00,80.98
             375.37,80.77 370.91,77.85 370.00,70.00
             370.00,70.00 387.00,73.00 387.00,73.00 Z
           M 403.00,49.00
           C 403.00,49.00 413.00,49.00 413.00,49.00
             413.00,49.00 413.00,81.00 413.00,81.00
             413.00,81.00 403.00,81.00 403.00,81.00
             403.00,81.00 403.00,49.00 403.00,49.00 Z
           M 418.00,49.00
           C 418.00,49.00 442.00,49.00 442.00,49.00
             442.00,49.00 441.40,58.00 441.40,58.00
             441.40,58.00 431.00,72.00 431.00,72.00
             431.00,72.00 442.00,72.00 442.00,72.00
             442.00,72.00 442.00,81.00 442.00,81.00
             442.00,81.00 418.00,81.00 418.00,81.00
             418.00,67.30 420.72,69.08 429.00,58.00
             429.00,58.00 418.00,58.00 418.00,58.00
             418.00,58.00 418.00,49.00 418.00,49.00 Z
           M 476.00,69.13
           C 474.99,77.73 469.29,80.99 461.00,80.99
             457.62,80.99 454.99,80.82 452.02,78.99
             446.21,75.43 444.60,69.44 445.09,63.00
             445.93,52.19 453.20,48.73 463.00,49.02
             466.54,49.12 468.94,49.52 471.81,51.80
             477.01,55.92 476.98,61.01 477.00,67.00
             477.00,67.00 456.00,67.00 456.00,67.00
             459.82,74.40 461.84,70.32 467.17,69.13
             467.17,69.13 476.00,69.13 476.00,69.13 Z
           M 481.00,49.00
           C 485.04,49.00 489.25,47.79 491.00,52.00
             495.40,49.38 495.91,49.16 501.00,49.00
             501.00,49.00 501.00,59.00 501.00,59.00
             488.16,61.75 491.00,70.19 491.00,81.00
             491.00,81.00 481.00,81.00 481.00,81.00
             481.00,81.00 481.00,49.00 481.00,49.00 Z
           M 223.00,62.00
           C 220.11,56.88 215.89,56.88 213.00,62.00
             213.00,62.00 223.00,62.00 223.00,62.00 Z
           M 356.00,62.00
           C 353.12,56.89 348.88,56.89 346.00,62.00
             346.00,62.00 356.00,62.00 356.00,62.00 Z
           M 466.00,62.00
           C 463.12,56.89 458.88,56.89 456.00,62.00
             456.00,62.00 466.00,62.00 466.00,62.00 Z" />
</svg>
